    1         1
    2    182667
    3    469891
    4    498753
    5    110745
    6    446247
    7    250185
    8    118627
    9    245333
   10    283199
   11    408519
   12    391023
   13    246327
   14    126539
   15    399185
   16    461527
   17    300343
   18     69681
   19    516695
   20    436179
   21    106383
   22    238523
   23    413283
   24     70841
   25     47719
   26    300129
   27    113029
   28    123925
   29    410745
   30    211325
   31     17489
   32    511893
   33     40767
   34    186077
   35    519471
   36    255369
   37    101819
   38    243573
   39     66189
   40    152143
   41    503455
   42    113217
   43    132603
   44    463967
   45    297717
   46    157383
   47    224015
   48    502917
   49     36237
   50     94049
   51    170665
   52     79397
   53    123963
   54    223451
   55    323871
   56    303633
   57     98567
   58    318855
   59    494245
   60    477137
   61    177975
   62     64483
   63     26695
   64     88779
   65     94497
   66    239429
   67    381007
   68    110205
   69    339157
   70     73397
   71    407559
   72    181791
   73    442675
   74    301397
   75     32569
   76    147737
   77    189949
   78    138655
   79    350241
   80     63371
   81    511925
   82    515861
   83    434045
   84    383435
   85    249187
   86    492723
   87    479195
   88     84589
   89     99703
   90    239831
   91    269423
   92    182241
   93     61063
   94    130789
   95    143095
   96    471209
   97    139019
   98    172565
   99    487045
  100    304803
  101     45669
  102    380427
  103     19547
  104    425593
  105    337729
  106    237863
  107    428453
  108    291699
  109    238587
  110    110653
  111    196113
  112    465711
  113    141583
  114    224183
  115    266671
  116    169063
  117    317617
  118     68143
  119    291637
  120    263355
  121    427191
  122    200211
  123    365773
  124    254701
  125    368663
  126    248047
  127    209221
  128    279201
  129    323179
  130     80217
  131    122791
  132    316633
  133    118515
  134     14253
  135    129509
  136    410941
  137    402601
  138    511437
  139     10469
  140    366469
  141    463959
  142    442841
  143     54641
  144     44167
  145     19703
  146    209585
  147     69037
  148     33317
  149    433373
  150     55879
  151    245295
  152     10905
  153    468881
  154    128617
  155    417919
  156     45067
  157    442243
  158    359529
  159     51109
  160    290275
  161    168691
  162    212061
  163    217775
  164    405485
  165    313395
  166    256763
  167    152537
  168    326437
  169    332981
  170    406755
  171    423147
  172    412621
  173    362019
  174    279679
  175    169189
  176    107405
  177    251851
  178      5413
  179    316095
  180    247945
  181    422489
  182      2555
  183    282267
  184    121027
  185    369319
  186    204587
  187    445191
  188    337315
  189    322505
  190    388411
  191    102961
  192    506099
  193    399801
  194    254381
  195    452545
  196    309001
  197    147013
  198    507865
  199     32283
  200    320511
  201    264647
  202    417965
  203    227069
  204    341461
  205    466581
  206    386241
  207    494585
  208    201479
  209    151243
  210    481337
  211     68195
  212     75401
  213     58359
  214    448107
  215    459499
  216      9873
  217    365117
  218    350845
  219    181873
  220      7917
  221    436695
  222     43899
  223    348367
  224    423927
  225    437399
  226    385089
  227     21693
  228    268793
  229     49257
  230    250211
  231    125071
  232    341631
  233    310163
  234     94631
  235    108795
  236     21175
  237    142847
  238    383599
  239     71105
  240     65989
  241    446433
  242    177457
  243    107311
  244    295679
  245    442763
  246     40729
  247    322721
  248    420175
  249    430359
  250    480757
  251    221417
  252    460963
  253    263529
  254    263625
  255     16919
  256    289121
  257    243609
  258    414769
  259    147195
  260    326731
  261    277925
  262    185497
  263     29735
  264     11185
  265    212811
  266    371743
  267     33547
  268    250809
  269    390965
  270    486257
  271    348223
  272    263649
  273    241785
  274    425685
  275    240127
  276    447899
  277    182195
  278    306733
  279    465107
  280    434787
  281    239361
  282    437289
  283    183495
  284     75179
  285    431157
  286    376487
  287    141253
  288    293903
  289    399797
  290    325045
  291    277541
  292    215657
  293    263115
  294    193361
  295    478441
  296    299477
  297    319217
  298    176929
  299    279451
  300     32237
  301    346181
  302    374911
  303    443279
  304    319283
  305    306211
  306     70449
  307     88145
  308    272219
  309    178705
  310    159715
  311    177793
  312    164999
  313     16833
  314     49379
  315     83863
  316    223583
  317     22615
  318    225323
  319    111767
  320    361309
  321    182521
  322    154685
  323    426543
  324    482481
  325    122871
  326    250773
  327    324031
  328    227329
  329    465853
  330    165123
  331    163615
  332    245155
  333    192403
  334    364635
  335    276575
  336    195289
  337    439767
  338    386711
  339    472741
  340      6385
  341    435121
  342    299865
  343    151695
  344    344227
  345    505437
  346    130021
  347    254671
  348    165583
  349    129277
  350    513679
  351    155197
  352    147197
  353    161911
  354    408721
  355    134261
  356     56599
  357    410699
  358    110337
  359     18283
  360    393383
  361    222965
  362    244381
  363     89807
  364    198515
  365    219643
  366    467277
  367     69251
  368    227483
  369     90213
  370    405587
  371    225651
  372    349029
  373    365859
  374    448277
  375    284285
  376     85247
  377      8363
  378    235701
  379    168505
  380     11797
  381    326593
  382    482271
  383    181411
  384    424383
  385    486111
  386    136879
  387    467187
  388    523659
  389    357769
  390    102621
  391    120121
  392    253107
  393     11107
  394    410147
  395    315347
  396      1551
  397     60525
  398    265467
  399    404483
  400    174571
  401    303643
  402     12741
  403    486785
  404    382527
  405    264167
  406    438949
  407     73635
  408    149281
  409    482205
  410    150185
  411    256827
  412    108249
  413     38907
  414    511485
  415    437613
  416    401415
  417    196935
  418    228179
  419    207375
  420    366367
  421     55589
  422     84509
  423    108335
  424    371355
  425    384565
  426     35521
  427    175225
  428    111363
  429     61861
  430    183569
  431    406605
  432     71801
  433    211703
  434    132611
  435    241903
  436    215337
  437    235709
  438    415963
  439    274405
  440      4703
  441    240525
  442    416779
  443    243755
  444    157423
  445    286867
  446    227441
  447    254477
  448    462447
  449    276941
  450    111189
  451    144789
  452    368511
  453    321515
  454    355653
  455    330037
  456    193619
  457    172623
  458    357807
  459    255105
  460    265789
  461    348989
  462    399829
  463     88709
  464    147959
  465    397901
  466     25605
  467    426447
  468    223367
  469    281913
  470    109421
  471    354737
  472     97901
  473    221801
  474    483127
  475    331811
  476    284329
  477    200029
  478    472285
  479    161795
  480    142317
  481    521093
  482    375505
  483    103755
  484    166279
  485     57527
  486    161091
  487    215319
  488    485895
  489     25887
  490     89591
  491    240303
  492    253535
  493    491933
  494    137349
  495     26775
  496      1729
  497    409481
  498    468105
  499    114849
  500    396207
  501    131517
  502    179647
  503     82499
  504    270263
  505    507511
  506    126811
  507    392021
  508    290691
  509    144999
  510    409189
  511     25557
  512    217529
  513    292351
  514    418783
  515    192003
  516    162237
  517    300457
  518    283151
  519    244869
  520    372931
  521    245703
  522    124071
  523      1135
  524    286385
  525    256437
  526    277087
  527    351965
  528     88117
  529    379293
  530    177055
  531      5879
  532    372417
  533    277241
  534    204087
  535     28287
  536    510057
  537    509695
  538    148637
  539    173693
  540     18863
  541    410971
  542    490307
  543    158579
  544    180629
  545    292825
  546     56021
  547    161863
  548    391107
  549    441385
  550     41333
  551     88349
  552    248261
  553    414605
  554    250945
  555    258519
  556    519295
  557    428331
  558     82417
  559    297583
  560    236509
  561    193353
  562    521611
  563    252473
  564      8615
  565    315077
  566    356463
  567    168977
  568    225931
  569    471707
  570    523789
  571    283671
  572    107083
  573    338195
  574     64035
  575    422417
  576    114519
  577    179967
  578    228957
  579    249611
  580    300357
  581    414135
  582    316269
  583    482363
  584    349081
  585    247739
  586    257763
  587    514731
  588    459623
  589    273057
  590    190725
  591     16075
  592    225093
  593    263631
  594    304121
  595    456955
  596    185759
  597    447357
  598    463223
  599    507381
  600     91535
  601    293531
  602    336195
  603    338591
  604    233527
  605    475567
  606    202419
  607    497965
  608    427305
  609    292097
  610     87701
  611     46525
  612    425127
  613    162119
  614     91059
  615    509853
  616    439515
  617    193197
  618    489889
  619    247123
  620     72951
  621     19091
  622     32249
  623    175185
  624    401645
  625    481103
  626    156391
  627    461987
  628    274743
  629    258789
  630    363861
  631    329821
  632    441411
  633    494409
  634    523681
  635    275133
  636    476635
  637    356313
  638    301287
  639    370055
  640    223247
  641    474385
  642    235885
  643    464331
  644    100449
  645    154789
  646    354597
  647     46075
  648    509469
  649    293887
  650    118997
  651     94605
  652    130853
  653     62381
  654    446211
  655    110775
  656    441749
  657     11647
  658    441327
  659    518019
  660    266745
  661    303321
  662    428073
  663    439511
  664    327309
  665    370317
  666     99099
  667     92823
  668     47303
  669    508365
  670    122925
  671    371521
  672    413947
  673    381997
  674    128693
  675    338147
  676     68609
  677    298361
  678    142827
  679     78791
  680    110299
  681     74983
  682    399743
  683    248095
  684    446313
  685    211653
  686     42373
  687    380463
  688    305563
  689    287069
  690    174685
  691    350981
  692     87739
  693    118153
  694    130365
  695    288001
  696     85703
  697    370809
  698    261363
  699    243289
  700    127027
  701    450185
  702    230997
  703     96425
  704    165333
  705    329901
  706    166631
  707    451049
  708    124935
  709    425907
  710    187583
  711    426405
  712    407503
  713    481683
  714    436815
  715     36701
  716    230675
  717    142295
  718    384337
  719     97869
  720    174277
  721    105907
  722    411309
  723    442025
  724    420455
  725    275357
  726     36543
  727    399931
  728    369307
  729    300069
  730    198191
  731    275635
  732     74869
  733    395981
  734    154569
  735    425805
  736    209447
  737    511999
  738    311137
  739    401091
  740    114095
  741    123237
  742    409775
  743    313845
  744    411497
  745    307259
  746    252635
  747    486853
  748    415967
  749    393585
  750    252305
  751    248807
  752    429869
  753     19877
  754    238767
  755    465765
  756    251435
  757     31931
  758      9375
  759    394037
  760    482327
  761    226155
  762    276901
  763    145515
  764    515957
  765     58865
  766    432665
  767    317515
  768    202675
  769    194919
  770    363725
  771    167451
  772    496379
  773     88081
  774    429401
  775    193909
  776    464257
  777     21783
  778    255519
  779    173419
  780      4525
  781    396301
  782    323707
  783    301965
  784     58913
  785    181921
  786    392791
  787    517181
  788    199121
  789    150613
  790    498367
  791    353209
  792    362387
  793    426477
  794     30755
  795    481743
  796     79335
  797    242545
  798    193489
  799    154217
  800    152365
  801    248003
  802    160629
  803    450905
  804    119515
  805    312019
  806    221569
  807    470791
  808     42569
  809    305501
  810    107903
  811    322337
  812     40815
  813      2239
  814     45407
  815    377109
  816    222897
  817    408051
  818    334611
  819    102593
  820    474007
  821    449755
  822    395473
  823    183207
  824    445655
  825    359145
  826    480015
  827    506445
  828    415163
  829    459765
  830    240993
  831    348643
  832    311311
  833    301277
  834    506281
  835    478109
  836    106897
  837    475519
  838    295603
  839    329847
  840    177575
  841    127243
  842    272713
  843    304281
  844     50573
  845    349417
  846    131487
  847    502907
  848    412417
  849    397071
  850    147315
  851    235781
  852    255885
  853    421135
  854    161223
  855     77175
  856    331995
  857     78655
  858    211715
  859    301259
  860    219035
  861    127701
  862     83493
  863     61371
  864    300739
  865    312513
  866    466155
  867    314441
  868    345733
  869    156889
  870    487233
  871    146325
  872     73709
  873     23791
  874    469019
  875    429905
  876    210955
  877    512205
  878    237585
  879     38469
  880    380697
  881    299875
  882    275393
  883    388021
  884    354889
  885    266469
  886    293501
  887    186931
  888    124695
  889    432785
  890    242425
  891    107199
  892     57331
  893    200461
  894    371767
  895    159645
  896    217483
  897    299463
  898    443487
  899    387823
  900    288247
  901    231339
  902     69451
  903    167207
  904    474283
  905    288285
  906     35023
  907    310071
  908     52017
  909    377933
  910    184317
  911    236333
  912    100811
  913      6867
  914    225535
  915    495413
  916    237521
  917    165557
  918    466251
  919    494583
  920     41971
  921    325869
  922    497911
  923    107613
  924    261385
  925    254175
  926    420485
  927    345119
  928    271503
  929    474889
  930     79655
  931    131139
  932    494331
  933    204103
  934     56679
  935     30945
  936    103137
  937    387471
  938    375569
  939    347443
  940     84925
  941    109079
  942    121365
  943     28371
  944     23283
  945    402765
  946     45085
  947    203239
  948    332045
  949    280521
  950    511521
  951    420779
  952    457787
  953    308723
  954    213891
  955    340515
  956      6077
  957    469349
  958    317283
  959    193051
  960     84615
  961     26411
  962    111133
  963    384309
  964     89225
  965     15061
  966    451299
  967    253109
  968    283983
  969    272139
  970    224493
  971    457497
  972    198591
  973     60857
  974    170653
  975    516063
  976     63655
  977    176635
  978    496653
  979    142945
  980    181199
  981    271031
  982    262767
  983    431349
  984     82049
  985    441275
  986    496297
  987    469933
  988    413335
  989    194583
  990    105247
  991    500683
  992    139889
  993    100381
  994    440753
  995    193069
  996      5979
  997    193247
  998    301363
  999     33843
 1000    221103
 1001    132691
 1002    130351
 1003    367705
 1004    132071
 1005    410455
 1006      5763
 1007    280417
 1008    359827
 1009     30087
 1010    290263
 1011    357573
 1012     86205
 1013     65473
 1014    144355
 1015    146417
 1016     84499
 1017      5649
 1018    518281
 1019     65049
 1020     42149
 1021    145689
 1022    314395
 1023    235127
 1024    205711
 1025    182221
 1026    346969
 1027    227929
 1028    428517
 1029     31343
 1030    431861
 1031    300643
 1032    498615
 1033    100851
 1034    488335
 1035    310185
 1036    322423
 1037    497201
 1038    484405
 1039    444527
 1040     51333
 1041    413769
 1042     65027
 1043    412357
 1044    287663
 1045     99387
 1046    508665
 1047    134905
 1048    337535
 1049    351489
 1050    290759
 1051    513485
 1052    391501
 1053    139009
 1054    514003
 1055    360051
 1056    194857
 1057    214625
 1058    190319
 1059    193121
 1060    279099
 1061    188459
 1062    465397
 1063    444741
 1064      1599
 1065    376567
 1066    502721
 1067    300331
 1068    309899
 1069    105713
 1070    221565
 1071    209529
 1072    226541
 1073    168083
 1074    172953
 1075    480521
 1076     41525
 1077    503357
 1078    513735
 1079     20585
 1080    509665
 1081    415835
 1082    268953
 1083    318039
 1084    318647
 1085     61943
 1086    406283
 1087    159249
 1088    243265
 1089     86427
 1090    356525
 1091    161945
 1092     88741
 1093    155739
 1094     30999
 1095    469509
 1096    416535
 1097    516925
 1098     20595
 1099    492481
 1100    118079
 1101     67531
 1102     93975
 1103    254945
 1104    460265
 1105     32577
 1106    286941
 1107    461315
 1108    229511
 1109    205789
 1110    123411
 1111    228447
 1112    405775
 1113    316867
 1114     12567
 1115    480181
 1116    507221
 1117    463329
 1118    360803
 1119    271225
 1120    433273
 1121    489915
 1122    164057
 1123    389401
 1124     61883
 1125    365689
 1126    120717
 1127      7725
 1128     97135
 1129    145163
 1130    311659
 1131    517775
 1132     47851
 1133    109593
 1134    472773
 1135    400637
 1136     19087
 1137    293147
 1138    484279
 1139     38049
 1140    331861
 1141    226935
 1142    451367
 1143     60083
 1144    507751
 1145    256185
 1146    159613
 1147    478559
 1148    466397
 1149    243859
 1150    474635
 1151     69159
 1152     75285
 1153    471867
 1154    436483
 1155    194003
 1156    332149
 1157    521247
 1158    221209
 1159    459463
 1160    195993
 1161    201455
 1162     15545
 1163    137185
 1164    204247
 1165    474959
 1166    324651
 1167    121031
 1168    328369
 1169    486033
 1170    104301
 1171    256295
 1172    306443
 1173    275897
 1174    321283
 1175    350205
 1176    330847
 1177    367481
 1178    475923
 1179    207701
 1180    494919
 1181    336813
 1182    267257
 1183    227219
 1184    472323
 1185     78973
 1186    513131
 1187    225923
 1188    434771
 1189    483219
 1190    114577
 1191    357429
 1192    165589
 1193    408211
 1194    494065
 1195     77643
 1196    355371
 1197    286569
 1198     35217
 1199    179467
 1200     36367
 1201    443261
 1202    142009
 1203    354987
 1204    186625
 1205       817
 1206    243731
 1207    383875
 1208     40125
 1209     13155
 1210    367409
 1211    468829
 1212    447387
 1213     13997
 1214    356469
 1215    285679
 1216     92327
 1217    419925
 1218    442095
 1219    392039
 1220    176961
 1221    146825
 1222    175823
 1223     88141
 1224    199553
 1225     14927
 1226    123441
 1227     90739
 1228    241217
 1229     53023
 1230    264725
 1231    283201
 1232    143723
 1233    408395
 1234    481677
 1235    348225
 1236    320161
 1237     37003
 1238    522423
 1239     70665
 1240    340285
 1241    146281
 1242    445675
 1243    385085
 1244    250727
 1245    502921
 1246    399081
 1247    199841
 1248    400747
 1249    180879
 1250    442621
 1251    338349
 1252    376305
 1253    286299
 1254    298983
 1255    148231
 1256    188293
 1257    312811
 1258    374571
 1259     15025
 1260     80623
 1261    460867
 1262     71815
 1263    191007
 1264    370419
 1265    285835
 1266    103895
 1267     34305
 1268    366809
 1269    137355
 1270    312313
 1271    393671
 1272    123371
 1273    211783
 1274    492741
 1275    371635
 1276     68305
 1277    448925
 1278    491667
 1279    390687
 1280    469303
 1281    455913
 1282    131369
 1283     23171
 1284    387865
 1285    229647
 1286    357387
 1287     44221
 1288     85497
 1289    497103
 1290    331905
 1291     63131
 1292    522595
 1293    121011
 1294    512597
 1295    367289
 1296     91267
 1297     72693
 1298     40989
 1299     83659
 1300    344031
 1301    323869
 1302    453437
 1303    226351
 1304     29011
 1305    274231
 1306    396789
 1307    439683
 1308    397207
 1309    341859
 1310    374821
 1311    213971
 1312     20097
 1313    174827
 1314    437687
 1315    205455
 1316    109395
 1317    309329
 1318     32869
 1319    284877
 1320    333319
 1321    167233
 1322    157959
 1323    389749
 1324    484567
 1325    265265
 1326     99497
 1327    288789
 1328    319989
 1329    133933
 1330    487021
 1331    278713
 1332    323331
 1333    450597
 1334    404371
 1335    135937
 1336    311647
 1337    363539
 1338    486493
 1339    440019
 1340    414487
 1341    232917
 1342       851
 1343    429267
 1344     93357
 1345    383357
 1346    112977
 1347    390981
 1348    139493
 1349    117513
 1350    482133
 1351    447549
 1352     14093
 1353    218813
 1354    320407
 1355    212417
 1356     34553
 1357     38101
 1358    185693
 1359    185261
 1360    474591
 1361    502403
 1362    204315
 1363    476157
 1364    118695
 1365    262023
 1366    217349
 1367    433597
 1368    276007
 1369    205027
 1370    497981
 1371    159879
 1372    450003
 1373     78073
 1374    449741
 1375    394723
 1376    276655
 1377    302909
 1378     73193
 1379    485803
 1380    128453
 1381    190853
 1382    448625
 1383    423923
 1384    450751
 1385     84341
 1386     88515
 1387    278945
 1388     15023
 1389    460179
 1390    432595
 1391     31905
 1392     81855
 1393     83211
 1394    460571
 1395    125237
 1396      2637
 1397    206799
 1398    382775
 1399     96453
 1400    467767
 1401     96071
 1402    332519
 1403    175269
 1404    187643
 1405    337227
 1406    378167
 1407      6565
 1408    317723
 1409    435053
 1410     39425
 1411    377629
 1412    240171
 1413    210049
 1414    141119
 1415    341063
 1416    318885
 1417    239455
 1418    110491
 1419     65875
 1420    335251
 1421    336349
 1422     77589
 1423    157821
 1424     62429
 1425    522025
 1426    168735
 1427    130331
 1428    489131
 1429    446475
 1430    116305
 1431    262001
 1432     99991
 1433    482961
 1434    421499
 1435    245947
 1436    359321
 1437     38481
 1438    321173
 1439    161151
 1440    406195
 1441      7507
 1442     72795
 1443    256199
 1444    306699
 1445    314195
 1446    438761
 1447    181227
 1448    349763
 1449    431907
 1450     26319
 1451    441141
 1452     44541
 1453    486865
 1454    326673
 1455    379261
 1456    361973
 1457    521935
 1458     19205
 1459     90667
 1460    231881
 1461    287905
 1462    269053
 1463    128239
 1464    251485
 1465    423591
 1466    503993
 1467    225627
 1468    155339
 1469    518847
 1470    374369
 1471    329871
 1472    219073
 1473    360565
 1474     54941
 1475    244749
 1476    414575
 1477    281531
 1478    229491
 1479    321177
 1480    287485
 1481    301621
 1482    206741
 1483    340997
 1484    231751
 1485    389515
 1486    347819
 1487    176747
 1488    161639
 1489    429653
 1490    445151
 1491     94467
 1492    224415
 1493    291995
 1494    497733
 1495    414631
 1496    418071
 1497    233485
 1498    470293
 1499     96223
 1500     76519
 1501    181327
 1502    105741
 1503     25159
 1504    491531
 1505    160453
 1506    314353
 1507     99767
 1508    337271
 1509    113963
 1510    467495
 1511     30361
 1512    499149
 1513     13275
 1514     67849
 1515    351547
 1516    452929
 1517    237379
 1518    392947
 1519    337257
 1520    190073
 1521    294111
 1522    201073
 1523    216495
 1524     25003
 1525    513811
 1526    316363
 1527    211719
 1528    258485
 1529    274409
 1530    187933
 1531    227047
 1532    250167
 1533    430745
 1534    285839
 1535     44841
 1536    215175
 1537    181493
 1538    234721
 1539    467439
 1540    457019
 1541    509077
 1542    359201
 1543     11027
 1544    429903
 1545    268385
 1546     97401
 1547    139475
 1548    412901
 1549    384039
 1550    216497
 1551     22511
 1552    368699
 1553    428213
 1554    124377
 1555    436615
 1556    360837
 1557    429077
 1558    400709
 1559    514399
 1560    241011
 1561     80915
 1562     66531
 1563    173107
 1564    524193
 1565     65449
 1566    357243
 1567    472359
 1568    457421
 1569    276537
 1570    332615
 1571    121161
 1572     30523
 1573     66625
 1574    493851
 1575     75357
 1576     72053
 1577    138243
 1578    498569
 1579    241009
 1580    482601
 1581    166199
 1582    302657
 1583    272589
 1584     92643
 1585    492011
 1586    118737
 1587    308979
 1588      6617
 1589    305097
 1590    466585
 1591    318419
 1592    149945
 1593    380153
 1594    291261
 1595    259013
 1596     88595
 1597    476949
 1598     41391
 1599    170045
 1600    256319
 1601    295207
 1602    372873
 1603    438169
 1604    196221
 1605     49225
 1606    200173
 1607    269399
 1608    202607
 1609    299353
 1610    221825
 1611    391325
 1612    248509
 1613    183861
 1614     62937
 1615    370937
 1616    308047
 1617    208963
 1618    362413
 1619    230899
 1620    518307
 1621    187739
 1622    460067
 1623    391577
 1624    434663
 1625     35647
 1626    286715
 1627    294589
 1628    389463
 1629    162933
 1630    411537
 1631    167093
 1632     65127
 1633    121753
 1634    344463
 1635    516765
 1636    414291
 1637    128981
 1638    243439
 1639    470701
 1640    437981
 1641    342493
 1642    322629
 1643    504431
 1644    383423
 1645    468615
 1646    402015
 1647    262491
 1648    225053
 1649    195803
 1650    145011
 1651    460657
 1652    289933
 1653    490493
 1654    258547
 1655     51845
 1656    284765
 1657    300867
 1658    142667
 1659     50691
 1660    172085
 1661    353993
 1662    500573
 1663    254085
 1664    113615
 1665    519945
 1666    129487
 1667    277663
 1668    164767
 1669    416047
 1670    155579
 1671    248353
 1672    109161
 1673    382985
 1674    388793
 1675    507679
 1676    299015
 1677    274125
 1678    204053
 1679    431273
 1680    513631
 1681    483277
 1682     36177
 1683    471323
 1684    306393
 1685     17351
 1686     87967
 1687    382551
 1688      4019
 1689    377623
 1690    114051
 1691    355573
 1692    523977
 1693    484437
 1694    271457
 1695    199003
 1696    108197
 1697    271007
 1698    344501
 1699    234951
 1700    157225
 1701    409627
 1702    129345
 1703     96097
 1704    264835
 1705    255921
 1706    338915
 1707    251267
 1708    277093
 1709     73221
 1710    392169
 1711    183719
 1712    139877
 1713    344877
 1714    195725
 1715    163315
 1716      6783
 1717     43537
 1718    244069
 1719    362533
 1720     97361
 1721    189961
 1722    240165
 1723    118595
 1724    452911
 1725    427757
 1726    314895
 1727    494405
 1728     21653
 1729    399265
 1730    330607
 1731    369479
 1732    491155
 1733     31265
 1734    434459
 1735    288753
 1736     84455
 1737    293565
 1738    460293
 1739     21425
 1740     61805
 1741    437609
 1742    259113
 1743    305619
 1744    234341
 1745    408429
 1746    294183
 1747    424917
 1748    521281
 1749    437047
 1750    430353
 1751     81257
 1752    393247
 1753    382355
 1754    131613
 1755    299665
 1756     20109
 1757    201617
 1758    185989
 1759    428861
 1760     94113
 1761    511567
 1762    412233
 1763    429035
 1764    519411
 1765    314931
 1766    519951
 1767     77705
 1768     87461
 1769    333213
 1770    284637
 1771      7935
 1772    371921
 1773    237783
 1774    428329
 1775    442883
 1776    322605
 1777    277795
 1778    103027
 1779     85391
 1780    176447
 1781     43693
 1782    323725
 1783    311337
 1784    344439
 1785    208419
 1786     93071
 1787     25893
 1788    395859
 1789    451291
 1790    448075
 1791    173979
 1792    397339
 1793    491231
 1794     93091
 1795    454985
 1796    351989
 1797    302041
 1798    361357
 1799     67663
 1800    170813
 1801    387243
 1802    224899
 1803     20489
 1804    484965
 1805    313779
 1806    361233
 1807    469957
 1808    332483
 1809     62329
 1810    246513
 1811    168613
 1812     11503
 1813    177541
 1814    333063
 1815    195349
 1816    295523
 1817    259807
 1818    142231
 1819    269037
 1820    482291
 1821    299483
 1822    252479
 1823    283629
 1824    240193
 1825    320163
 1826    486023
 1827    520959
 1828     63111
 1829     10213
 1830    431655
 1831    439659
 1832    147217
 1833    411661
 1834    308157
 1835    321907
 1836    501265
 1837    419839
 1838    371177
 1839    513683
 1840    419235
 1841    162683
 1842    346933
 1843     37079
 1844    455955
 1845    491201
 1846    343417
 1847    111105
 1848    516529
 1849     47713
 1850    171791
 1851    388113
 1852    247363
 1853    484029
 1854    169773
 1855    250871
 1856    439705
 1857    249861
 1858     93563
 1859    276649
 1860    347735
 1861    275159
 1862    444463
 1863    444457
 1864    340165
 1865    238219
 1866    511421
 1867      3711
 1868    293153
 1869    433595
 1870    498467
 1871    328597
 1872    462993
 1873    242767
 1874    280633
 1875    188319
 1876    147243
 1877     59519
 1878     10371
 1879    109385
 1880    421289
 1881    519729
 1882    311493
 1883     55557
 1884     62243
 1885    332767
 1886    132337
 1887    502769
 1888    190475
 1889    220289
 1890    368661
 1891    101033
 1892    159287
 1893    346783
 1894     88817
 1895    322189
 1896    297843
 1897     22851
 1898    314555
 1899     30719
 1900    226467
 1901    316875
 1902     64935
 1903    348957
 1904    411789
 1905    321345
 1906    100427
 1907    196969
 1908    216519
 1909    212671
 1910    238033
 1911    470295
 1912    428273
 1913     85607
 1914    368793
 1915    146055
 1916    169169
 1917     38043
 1918     26807
 1919    146255
 1920    400421
 1921    174601
 1922    491897
 1923    233119
 1924    387201
 1925    348875
 1926     68805
 1927    187145
 1928     20447
 1929    486529
 1930     60531
 1931    124855
 1932    456157
 1933    471813
 1934    183515
 1935    375031
 1936    107323
 1937    448423
 1938    283509
 1939    379319
 1940    417789
 1941    209295
 1942    238877
 1943    395877
 1944    427147
 1945     23411
 1946    223803
 1947     22595
 1948    108801
 1949    322185
 1950     58469
 1951    483411
 1952    394163
 1953    413329
 1954    354901
 1955    522441
 1956    109481
 1957    168295
 1958    269339
 1959    238611
 1960    503677
 1961    437089
 1962    379373
 1963     57093
 1964     91041
 1965    125787
 1966    324727
 1967    177279
 1968     50247
 1969    416961
 1970    506185
 1971    404993
 1972    374955
 1973     52633
 1974    301157
 1975    236643
 1976    167913
 1977    393529
 1978    178293
 1979     73215
 1980    385523
 1981    260125
 1982    486055
 1983    449495
 1984     58677
 1985    375277
 1986    320979
 1987    451277
 1988    330395
 1989    438251
 1990    310281
 1991    317481
 1992    126541
 1993    214215
 1994    475315
 1995    315097
 1996    318983
 1997    317505
 1998    474263
 1999    496911
 2000    125405
 2001     43067
 2002     33517
 2003    389253
 2004     42313
 2005    129447
 2006    421007
 2007    362237
 2008    227073
 2009    126017
 2010    479819
 2011    210921
 2012     79791
 2013    198363
 2014    384549
 2015    329489
 2016     44665
 2017    356461
 2018    134445
 2019    135127
 2020    449099
 2021    155947
 2022    168329
 2023    365601
 2024    353765
 2025    419155
 2026    150437
 2027    119517
 2028    298069
 2029     28947
 2030     35443
 2031    413727
 2032    269677
 2033    366217
 2034    136227
 2035    155333
 2036    464397
 2037    130865
 2038    241509
 2039    320225
 2040    137493
 2041    271105
 2042     75223
 2043    375527
 2044    143779
 2045    112229
 2046    245705
 2047    112867
 2048    411037
 2049     89325
 2050    237307
 2051    161365
 2052    484761
 2053    207255
 2054    206127
 2055    321743
 2056    384985
 2057    442877
 2058    263129
 2059    211505
 2060    325823
 2061     85081
 2062    445183
 2063    409583
 2064    283329
 2065     65059
 2066    131307
 2067    243747
 2068    387529
 2069    423355
 2070      2995
 2071    491469
 2072    125507
 2073    411969
 2074     27743
 2075    437423
 2076    506305
 2077    259567
 2078      3309
 2079    286473
 2080    358905
 2081    160297
 2082      4615
 2083     42525
 2084    152491
 2085    237177
 2086    171253
 2087    356853
 2088    320371
 2089     66075
 2090    134765
 2091    365639
 2092    276209
 2093    498613
 2094    353187
 2095    176017
 2096     29435
 2097    113007
 2098    501773
 2099    207885
 2100    370521
 2101    345009
 2102    148935
 2103     43737
 2104     36005
 2105    386465
 2106    137591
 2107     20111
 2108     52163
 2109     84625
 2110     67001
 2111    244925
 2112    408647
 2113     90653
 2114    112981
 2115    416825
 2116    192987
 2117    291471
 2118    408537
 2119    370213
 2120    487317
 2121    195075
 2122    484829
 2123    452531
 2124    491715
 2125    175131
 2126    296705
 2127    182743
 2128    401533
 2129    145133
 2130     47655
 2131    106901
 2132    385389
 2133    333105
 2134    495649
 2135    198013
 2136    490969
 2137     15769
 2138    517559
 2139    360277
 2140     99815
 2141    523297
 2142     61605
 2143    140317
 2144    140553
 2145    206363
 2146    373783
 2147    441221
 2148    331555
 2149     53047
 2150     15759
 2151    252725
 2152    100597
 2153    410343
 2154    471953
 2155    159549
 2156    327959
 2157    441471
 2158    110655
 2159    283353
 2160    356177
 2161     63757
 2162    264055
 2163    154289
 2164    234919
 2165    175549
 2166     66581
 2167    218069
 2168     47281
 2169    185375
 2170     94719
 2171    117301
 2172    486893
 2173    239833
 2174     54185
 2175    320917
 2176     67735
 2177    104983
 2178    304465
 2179    440313
 2180    470631
 2181     28787
 2182    381879
 2183    207727
 2184     98081
 2185    119355
 2186    141793
 2187    522435
 2188    499393
 2189     95157
 2190    251465
 2191     93685
 2192    247587
 2193    462773
 2194    360895
 2195    193175
 2196     47033
 2197    421069
 2198    240597
 2199      9847
 2200    496635
 2201    353401
 2202     21525
 2203    514603
 2204    215633
 2205    324941
 2206    266803
 2207    195843
 2208    457817
 2209    297245
 2210     87983
 2211    247833
 2212    404853
 2213    209401
 2214    130941
 2215    371029
 2216    274429
 2217    141599
 2218    340233
 2219    402543
 2220    243355
 2221    502569
 2222    219343
 2223    316665
 2224    409117
 2225    467413
 2226    167563
 2227      8767
 2228    490011
 2229     31969
 2230    244789
 2231    173937
 2232    488819
 2233    279215
 2234       331
 2235     31395
 2236     79851
 2237    360451
 2238     91743
 2239    453003
 2240    247647
 2241     50239
 2242    130511
 2243    266153
 2244    436609
 2245    305001
 2246    386119
 2247     51055
 2248    391537
 2249    118293
 2250    189295
 2251    436559
 2252      6587
 2253    484879
 2254    185985
 2255    369453
 2256     39209
 2257     85417
 2258     61079
 2259    515227
 2260    378617
 2261    369691
 2262    289961
 2263    417129
 2264    216939
 2265     66181
 2266    161249
 2267    221775
 2268    523799
 2269    291817
 2270    170383
 2271    418119
 2272    363171
 2273    454299
 2274    207721
 2275    447149
 2276    456603
 2277    391507
 2278     36489
 2279    152227
 2280     75227
 2281    172843
 2282     68107
 2283    452955
 2284    145421
 2285    150221
 2286    246009
 2287     78407
 2288    287993
 2289    399961
 2290    344161
 2291    224507
 2292    296827
 2293    435787
 2294    373389
 2295    405083
 2296    299121
 2297    224369
 2298     86133
 2299    289307
 2300    341689
 2301    380379
 2302    247229
 2303    111781
 2304    193173
 2305    381567
 2306     90409
 2307     87017
 2308    379085
 2309    195549
 2310    328503
 2311    448819
 2312    521439
 2313    523211
 2314    317559
 2315    508697
 2316    435439
 2317     31307
 2318    300425
 2319    516943
 2320    337803
 2321    476487
 2322     78833
 2323    168493
 2324     82991
 2325      1813
 2326    279039
 2327    139735
 2328    212037
 2329    507637
 2330     27191
 2331    342299
 2332    333581
 2333    217225
 2334    361105
 2335    141349
 2336    217139
 2337    455297
 2338     22027
 2339    208285
 2340    105195
 2341    343399
 2342    365187
 2343    166003
 2344    267747
 2345    173265
 2346    104309
 2347    263875
 2348    437963
 2349    390657
 2350    186295
 2351    221165
 2352    285495
 2353    385165
 2354    350075
 2355    373929
 2356     47901
 2357    362017
 2358    223307
 2359    221823
 2360    171781
 2361    317267
 2362    452633
 2363    120487
 2364    425947
 2365     71937
 2366    144669
 2367     30537
 2368    320807
 2369    496709
 2370     36143
 2371     35249
 2372     54399
 2373    457465
 2374    374257
 2375    259027
 2376    434899
 2377    192051
 2378    107773
 2379    215557
 2380    272847
 2381    145053
 2382    179531
 2383    149193
 2384    455445
 2385      7111
 2386    146859
 2387    325841
 2388    500423
 2389    330427
 2390    332067
 2391    224651
 2392    142941
 2393    281513
 2394    524213
 2395     43221
 2396     44235
 2397    440259
 2398    330081
 2399    413537
 2400    455371
 2401     58199
 2402     47729
 2403     95937
 2404    211567
 2405    206227
 2406    427361
 2407    466909
 2408      1005
 2409    206647
 2410    104791
 2411    257555
 2412    255555
 2413    236197
 2414     24417
 2415     47507
 2416    357477
 2417    347973
 2418    131241
 2419    452411
 2420    494475
 2421    342379
 2422    489111
 2423      6675
 2424    509787
 2425    329523
 2426    142947
 2427    212759
 2428    502533
 2429     12323
 2430    499179
 2431    353173
 2432      5519
 2433    146257
 2434    136979
 2435    333593
 2436    242981
 2437     76435
 2438    369869
 2439    520221
 2440    170155
 2441    299129
 2442    373969
 2443    297759
 2444    168945
 2445    258359
 2446    383557
 2447     73439
 2448    304311
 2449    488225
 2450    185907
 2451    242127
 2452    479013
 2453    296237
 2454    143831
 2455    376901
 2456    384261
 2457     70843
 2458    267839
 2459    390079
 2460    207373
 2461    336845
 2462    188153
 2463    441483
 2464    502729
 2465    144489
 2466    143595
 2467    521973
 2468    347585
 2469    174495
 2470    362967
 2471    195351
 2472    430933
 2473    331571
 2474    155305
 2475     78807
 2476    252037
 2477     67461
 2478    105441
 2479    204725
 2480    517849
 2481    236481
 2482    441255
 2483    272255
 2484    396343
 2485    120681
 2486    105631
 2487    236671
 2488    192703
 2489    130503
 2490    470853
 2491    156907
 2492    370583
 2493    346321
 2494    412653
 2495    332919
 2496    284217
 2497    395281
 2498    283305
 2499    108461
 2500    518885
 2501    321629
 2502    465913
 2503    138519
 2504    499083
 2505    391627
 2506    318493
 2507    146001
 2508    167501
 2509    478239
 2510    469563
 2511    311423
 2512     82501
 2513    337647
 2514    462381
 2515    496957
 2516    417031
 2517    449591
 2518    322099
 2519    110997
 2520    361467
 2521    124215
 2522    310941
 2523    457079
 2524    343763
 2525    274689
 2526    454023
 2527    196851
 2528    140011
 2529    329071
 2530    387481
 2531    408773
 2532     40235
 2533    351537
 2534    463559
 2535     73109
 2536    366319
 2537    370429
 2538     61679
 2539    399063
 2540    252481
 2541    429989
 2542     58691
 2543    470643
 2544    485623
 2545    402333
 2546    225503
 2547    144559
 2548    121153
 2549     76475
 2550    350553
 2551      3935
 2552     31375
 2553     94239
 2554    302415
 2555    401575
 2556    211757
 2557    271075
 2558    159559
 2559    463171
 2560    251429
 2561    357403
 2562    432513
 2563    106507
 2564    255729
 2565    429641
 2566    291489
 2567     71215
 2568     99219
 2569     45203
 2570     83541
 2571    203975
 2572    337455
 2573    142077
 2574    129255
 2575    466479
 2576    110353
 2577    222145
 2578    184543
 2579      4223
 2580     61693
 2581    480821
 2582    124743
 2583    487855
 2584    176403
 2585    194931
 2586    380825
 2587    487637
 2588    337069
 2589    508087
 2590    497721
 2591    181339
 2592    398547
 2593    516409
 2594    139969
 2595    185615
 2596     25049
 2597     51321
 2598    279923
 2599    195797
 2600     80977
 2601    520641
 2602    206053
 2603     51091
 2604    226235
 2605    475763
 2606    449191
 2607     25233
 2608    390933
 2609    365715
 2610    114355
 2611    336241
 2612    345473
 2613    253533
 2614    170419
 2615    276927
 2616     52391
 2617    192871
 2618    348987
 2619    404949
 2620    365431
 2621    150615
 2622    363203
 2623    273999
 2624     25469
 2625    341535
 2626    197597
 2627    491999
 2628    191295
 2629    360335
 2630    436757
 2631    400821
 2632    488647
 2633    292951
 2634    164863
 2635    419047
 2636    410339
 2637    364887
 2638    447227
 2639    312255
 2640    401577
 2641    491153
 2642    520151
 2643     28657
 2644    137485
 2645    288963
 2646    172713
 2647    366519
 2648    293067
 2649    505061
 2650    221561
 2651    376689
 2652    209791
 2653    274969
 2654     61145
 2655    143303
 2656    157459
 2657    518153
 2658    349473
 2659    169179
 2660      3579
 2661    364721
 2662    142975
 2663    311275
 2664    474695
 2665     85031
 2666     14031
 2667     57731
 2668    399487
 2669     51707
 2670    103261
 2671     38863
 2672    356271
 2673    472975
 2674    160727
 2675    168239
 2676    468851
 2677    130069
 2678    188281
 2679    515097
 2680    119167
 2681     74835
 2682     62219
 2683     81827
 2684       573
 2685    464349
 2686    323045
 2687    201719
 2688    332681
 2689    131117
 2690    288875
 2691    509111
 2692    341827
 2693     59475
 2694    352861
 2695     83495
 2696      3797
 2697     30739
 2698    454485
 2699    411881
 2700    167767
 2701    168457
 2702    268881
 2703    425747
 2704    186685
 2705    351955
 2706    108987
 2707    475831
 2708    222691
 2709    399295
 2710    422525
 2711    353383
 2712    397973
 2713    200631
 2714     91443
 2715    267695
 2716    217305
 2717    454703
 2718    479915
 2719    357239
 2720    383125
 2721    425711
 2722    449165
 2723    505985
 2724    470431
 2725     12239
 2726    514817
 2727    348329
 2728    304277
 2729    465579
 2730    128661
 2731    238205
 2732    432041
 2733     30891
 2734    324155
 2735    486707
 2736    189683
 2737    124635
 2738     76543
 2739    335841
 2740    330153
 2741     42873
 2742     33289
 2743    404423
 2744    432881
 2745    372293
 2746     56239
 2747     22533
 2748    479905
 2749    378149
 2750    245273
 2751    141797
 2752    343875
 2753    146241
 2754    271381
 2755    297861
 2756    424403
 2757     36713
 2758    211755
 2759    387069
 2760    243775
 2761    216099
 2762    258397
 2763    100383
 2764    459721
 2765    415609
 2766    330499
 2767    417793
 2768     87947
 2769    314485
 2770      5171
 2771    472093
 2772    133175
 2773    517795
 2774     57461
 2775    159591
 2776    518095
 2777    385625
 2778    477059
 2779    301889
 2780    278983
 2781    449397
 2782    430415
 2783    484097
 2784    214421
 2785     64161
 2786    484031
 2787    252913
 2788    147907
 2789    497375
 2790     79797
 2791    321555
 2792     36029
 2793    403759
 2794    306137
 2795    106975
 2796    278317
 2797    352455
 2798    311517
 2799    257131
 2800     98943
 2801    513449
 2802     68961
 2803    295611
 2804      9281
 2805    106999
 2806     37679
 2807    410957
 2808    356071
 2809    237009
 2810    452951
 2811    120029
 2812      4327
 2813    299495
 2814    302453
 2815    266965
 2816     75049
 2817    299435
 2818     33105
 2819    105635
 2820     58447
 2821    468661
 2822     49143
 2823    184387
 2824    304455
 2825    161973
 2826    383407
 2827    161591
 2828     99557
 2829    136555
 2830    227539
 2831     53703
 2832    183421
 2833      1309
 2834    219647
 2835    181273
 2836    225657
 2837    499885
 2838      7793
 2839    316853
 2840    203725
 2841    510555
 2842    439029
 2843    140139
 2844    226933
 2845     53193
 2846    426793
 2847    323911
 2848    197289
 2849    451239
 2850    400865
 2851    186897
 2852    415817
 2853    247495
 2854    338897
 2855     81519
 2856    508191
 2857     51431
 2858    138341
 2859    168981
 2860    509307
 2861    425997
 2862     31671
 2863    466107
 2864    107807
 2865    119149
 2866     45445
 2867    463293
 2868    169005
 2869    494957
 2870    233889
 2871    379071
 2872     56207
 2873    370557
 2874    190641
 2875    313037
 2876    409251
 2877    115275
 2878    432787
 2879    149865
 2880    128547
 2881    387723
 2882    208827
 2883    513141
 2884    342985
 2885    451773
 2886    123373
 2887    266837
 2888    356005
 2889    210101
 2890    222037
 2891    309733
 2892    291245
 2893    198909
 2894    109053
 2895    338203
 2896    358821
 2897    315763
 2898    260497
 2899    270577
 2900     50711
 2901     16659
 2902    432321
 2903    426009
 2904    363977
 2905    169873
 2906    397129
 2907    506275
 2908     34723
 2909    406577
 2910    512633
 2911    446285
 2912    126645
 2913    359527
 2914    234217
 2915    248385
 2916     72351
 2917    490133
 2918    353629
 2919    275083
 2920    257899
 2921    286679
 2922    506675
 2923    392463
 2924     64919
 2925    304447
 2926    167823
 2927    469789
 2928    128867
 2929    341797
 2930    269127
 2931    139817
 2932     73833
 2933    474985
 2934    146207
 2935    259459
 2936    514783
 2937    225979
 2938    379661
 2939     65709
 2940    159455
 2941     68921
 2942    406531
 2943    165331
 2944    162783
 2945    134373
 2946    524181
 2947    325319
 2948    382207
 2949    374607
 2950    459885
 2951    110169
 2952    109615
 2953    207343
 2954    242825
 2955     26893
 2956    304861
 2957    271033
 2958     39067
 2959     69399
 2960    398623
 2961     82457
 2962     68137
 2963     30655
 2964    357523
 2965    110607
 2966     70321
 2967    200023
 2968    333595
 2969    519989
 2970    406867
 2971    454885
 2972    371469
 2973    181747
 2974    287901
 2975    328919
 2976    452885
 2977    268871
 2978    114371
 2979    174289
 2980    204689
 2981    339681
 2982    244961
 2983    138059
 2984     23775
 2985    157431
 2986    364049
 2987    168241
 2988    386843
 2989    304593
 2990    244153
 2991    455883
 2992    135783
 2993    189137
 2994     72541
 2995    436449
 2996     17323
 2997    184745
 2998    281281
 2999    392061
 3000    349459
 3001    451941
 3002     36721
 3003    442071
 3004    215979
 3005     96757
 3006    148521
 3007     45921
 3008     77641
 3009    362129
 3010    362027
 3011      1419
 3012    213361
 3013    206533
 3014    416007
 3015    304031
 3016    432157
 3017     55333
 3018    318205
 3019    399399
 3020    259627
 3021    269895
 3022    113389
 3023    470083
 3024    267011
 3025    224557
 3026      4671
 3027    387213
 3028     73547
 3029    288035
 3030    267849
 3031    439837
 3032    294697
 3033    236133
 3034     59493
 3035    188573
 3036    453863
 3037     27265
 3038    422439
 3039    183715
 3040    310065
 3041    436519
 3042    347411
 3043    378187
 3044     92151
 3045    444977
 3046    215793
 3047    388667
 3048    346607
 3049    219657
 3050    470907
 3051    105075
 3052    382637
 3053    318467
 3054    193169
 3055    405245
 3056    304635
 3057    140987
 3058    100999
 3059     44247
 3060    193987
 3061    333067
 3062    504099
 3063    458487
 3064     78945
 3065    113979
 3066    327675
 3067    182731
 3068    190221
 3069    109961
 3070     47721
 3071    137905
 3072    509935
 3073    415927
 3074    296613
 3075    151271
 3076    397933
 3077    475833
 3078    209163
 3079    122023
 3080    121877
 3081      7681
 3082    390363
 3083    188591
 3084     37265
 3085    102951
 3086    510389
 3087    491125
 3088    184595
 3089    150425
 3090    174379
 3091    496253
 3092    397359
 3093    142605
 3094     32063
 3095    278813
 3096    176873
 3097     85853
 3098    234275
 3099    234797
 3100    377841
 3101    484883
 3102    342529
 3103    218631
 3104    200297
 3105    328805
 3106    400701
 3107    223069
 3108    181567
 3109    309437
 3110    405825
 3111    205209
 3112    296555
 3113    308911
 3114    411577
 3115    410949
 3116     13167
 3117    272245
 3118    163751
 3119    136507
 3120    110507
 3121    165829
 3122    435515
 3123     63761
 3124    474227
 3125    445641
 3126    163547
 3127    311013
 3128     18131
 3129    189441
 3130     78087
 3131    390825
 3132    491063
 3133    154625
 3134    445825
 3135    178395
 3136    160541
 3137    129953
 3138     17663
 3139     59561
 3140    259215
 3141    418625
 3142    345359
 3143    268621
 3144    225865
 3145    102075
 3146    372677
 3147    227767
 3148    437373
 3149    403481
 3150    151031
 3151    477203
 3152    150857
 3153    147693
 3154    245381
 3155    231701
 3156    201019
 3157    284969
 3158     41339
 3159    430169
 3160      7919
 3161    243345
 3162      9655
 3163    391383
 3164    345769
 3165     58521
 3166    329835
 3167    178569
 3168    474807
 3169     66627
 3170    231369
 3171    439087
 3172    298597
 3173    200877
 3174    512175
 3175    352351
 3176     87387
 3177    269711
 3178    458703
 3179    369055
 3180    402877
 3181    252607
 3182    197639
 3183    213247
 3184    232615
 3185     92657
 3186    429865
 3187     91295
 3188     60675
 3189    515225
 3190    394623
 3191    167027
 3192     91441
 3193    168589
 3194    407489
 3195     61537
 3196     12727
 3197    419841
 3198    116529
 3199    431501
 3200     27431
 3201     59541
 3202    422421
 3203    352663
 3204    160503
 3205    105091
 3206    440027
 3207    391909
 3208    499147
 3209    227823
 3210    356185
 3211    209859
 3212    237757
 3213    294719
 3214    198541
 3215     93801
 3216    193925
 3217    226339
 3218    449107
 3219    131637
 3220    385919
 3221    191353
 3222    507939
 3223    119171
 3224    120225
 3225    194801
 3226    420895
 3227    390275
 3228    357333
 3229     82391
 3230    369141
 3231     57705
 3232    477633
 3233    468597
 3234    497491
 3235    329805
 3236    363165
 3237    314103
 3238     41947
 3239    217175
 3240    456325
 3241    508435
 3242    370641
 3243    149311
 3244    377971
 3245    492869
 3246     88373
 3247    220541
 3248    269265
 3249    519127
 3250    302535
 3251    450231
 3252    114681
 3253    439607
 3254     48657
 3255    195225
 3256    441259
 3257    270287
 3258    123281
 3259    157339
 3260     24067
 3261    277467
 3262     23209
 3263    480037
 3264     75733
 3265    120049
 3266     74375
 3267    308017
 3268    289173
 3269     95853
 3270     45987
 3271    115339
 3272    466973
 3273    506551
 3274    254681
 3275    334965
 3276    243101
 3277    238815
 3278    326495
 3279    172489
 3280     73113
 3281    119345
 3282     79275
 3283    119931
 3284     30161
 3285    240745
 3286    428825
 3287     47675
 3288    121967
 3289    233195
 3290    123165
 3291    479149
 3292     97037
 3293    142089
 3294    257253
 3295    214405
 3296    251141
 3297    119029
 3298    514015
 3299    248751
 3300    517863
 3301    142393
 3302    154935
 3303     12367
 3304    106931
 3305    267209
 3306    416673
 3307    176893
 3308    384475
 3309    119825
 3310    164611
 3311    358501
 3312    357389
 3313    452533
 3314    460727
 3315    142831
 3316     31497
 3317    408089
 3318    392383
 3319     67637
 3320    288857
 3321    175585
 3322    266747
 3323     41765
 3324    393901
 3325     72789
 3326    107687
 3327     30391
 3328    285671
 3329    213485
 3330    146743
 3331    428499
 3332    168767
 3333     73743
 3334    253675
 3335    333159
 3336     40307
 3337    454903
 3338    474825
 3339    437973
 3340     44739
 3341    308231
 3342    179883
 3343    134153
 3344    475069
 3345    188537
 3346    508973
 3347    220637
 3348    188005
 3349    192269
 3350    383763
 3351    408723
 3352    173275
 3353     34577
 3354    399119
 3355     84701
 3356    198817
 3357    328407
 3358    198645
 3359     90179
 3360    468431
 3361    116563
 3362    333127
 3363    211005
 3364    246461
 3365    268813
 3366     96113
 3367      3447
 3368    212257
 3369     39265
 3370    168843
 3371    281933
 3372    149947
 3373    392735
 3374    194069
 3375    418871
 3376    378107
 3377    399309
 3378     45741
 3379    396531
 3380    448939
 3381    388199
 3382    474421
 3383     41241
 3384    213887
 3385     56587
 3386    177657
 3387    494225
 3388    278607
 3389    176267
 3390     59741
 3391    270589
 3392    165791
 3393    155361
 3394      6473
 3395    162547
 3396    115111
 3397    453061
 3398     50925
 3399    405033
 3400    489907
 3401    471277
 3402    514717
 3403    267253
 3404    417221
 3405    300903
 3406    482243
 3407     48449
 3408    322747
 3409    130635
 3410    506133
 3411    206951
 3412     93809
 3413    511615
 3414    106977
 3415    511393
 3416    165785
 3417    289257
 3418    105363
 3419    293217
 3420     30345
 3421     79175
 3422     60301
 3423    461261
 3424    401323
 3425      5943
 3426    491845
 3427    148305
 3428    104025
 3429     39305
 3430    474573
 3431    341611
 3432    274603
 3433    441219
 3434    334337
 3435    195011
 3436    183303
 3437     96023
 3438    495489
 3439    380921
 3440    203041
 3441    388783
 3442    235133
 3443    281039
 3444     38607
 3445     62285
 3446    123401
 3447     89741
 3448    410791
 3449     32253
 3450    173905
 3451    342407
 3452    315951
 3453     33885
 3454    336275
 3455    243533
 3456    283835
 3457    290881
 3458    183377
 3459    305311
 3460    467285
 3461    464893
 3462    197217
 3463     61965
 3464     45613
 3465    517645
 3466    313339
 3467    450115
 3468    167999
 3469    514009
 3470     68119
 3471     32235
 3472     77667
 3473     29657
 3474    462767
 3475    231101
 3476    236467
 3477    173483
 3478    378741
 3479    437545
 3480    428441
 3481    487347
 3482    125753
 3483    439559
 3484    313519
 3485    176115
 3486    203733
 3487    361193
 3488     66291
 3489    372245
 3490    228819
 3491    457165
 3492    353889
 3493    271861
 3494      2961
 3495    290687
 3496    114523
 3497    106185
 3498    115973
 3499    301141
 3500    143421
 3501    471109
 3502    499515
 3503    398857
 3504    512545
 3505    331319
 3506    159897
 3507    309705
 3508    426123
 3509    196201
 3510    253965
 3511    441231
 3512    363183
 3513    413997
 3514     72719
 3515    418185
 3516    136949
 3517     84053
 3518     66205
 3519    385911
 3520    166495
 3521    440155
 3522    428225
 3523     19885
 3524     56283
 3525    138471
 3526     26285
 3527    381021
 3528    465113
 3529    266033
 3530    496847
 3531    419331
 3532    494525
 3533     10463
 3534    460669
 3535     63139
 3536    441583
 3537    144601
 3538    151503
 3539    503305
 3540     84051
 3541     24255
 3542    497473
 3543     97709
 3544    184819
 3545    263255
 3546    115365
 3547    308643
 3548    199949
 3549    261511
 3550    227647
 3551     83109
 3552    144957
 3553    254307
 3554    102661
 3555     95753
 3556    392433
 3557    310997
 3558    203229
 3559    308719
 3560    240017
 3561    138373
 3562     29295
 3563    254391
 3564     16235
 3565    143789
 3566    257247
 3567    265947
 3568     92127
 3569    110075
 3570    164045
 3571    455097
 3572    122351
 3573    305117
 3574    137161
 3575     84205
 3576    512991
 3577    422887
 3578    442063
 3579     75573
 3580    292001
 3581    141359
 3582     14853
 3583    306481
 3584    102725
 3585     81015
 3586     14697
 3587     86609
 3588    146273
 3589    238385
 3590    385869
 3591    485749
 3592     60087
 3593    147359
 3594     62247
 3595    117087
 3596    352319
 3597     38317
 3598    404431
 3599    361969
 3600    148009
